S000000001|1|42|2|79|3|58
S000000002|1|3|2|60|3|64
S000000003|1|11|2|63|3|54
S000000004|1|97|2|41|3|64
S000000005|1|84|2|87|3|38
S000000006|1|98|2|45|3|68
S000000007|1|60|2|41|3|57
S000000008|1|68|2|95|3|36
S000000009|1|16|2|96|3|76
S000000010|1|64|2|97|3|27
S000000011|1|97|2|3|3|63
S000000012|1|69|2|49|3|2
S000000013|1|6|2|38|3|59
S000000014|1|90|2|45|3|66
S000000015|1|62|2|14|3|99
S000000016|1|35|2|24|3|31
S000000017|1|64|2|0|3|99
S000000018|1|86|2|58|3|38
S000000019|1|55|2|6|3|75
S000000020|1|5|2|65|3|66
S000000021|1|88|2|59|3|15
S000000022|1|1|2|6|3|41
S000000023|1|25|2|90|3|4
S000000024|1|22|2|60|3|10
S000000025|1|89|2|11|3|45
S000000026|1|56|2|72|3|50
S000000027|1|72|2|29|3|33
S000000028|1|17|2|22|3|88
S000000029|1|86|2|51|3|80
S000000030|1|95|2|58|3|68
S000000031|1|85|2|18|3|68
S000000032|1|95|2|9|3|52
S000000033|1|75|2|69|3|18
S000000034|1|4|2|12|3|29
S000000035|1|3|2|54|3|29
S000000036|1|52|2|52|3|98
S000000037|1|65|2|5|3|33
S000000038|1|71|2|0|3|11
S000000039|1|78|2|28|3|97
S000000040|1|25|2|35|3|35
S000000041|1|97|2|75|3|63
S000000042|1|59|2|49|3|28
S000000043|1|87|2|28|3|55
S000000044|1|63|2|28|3|32
S000000045|1|84|2|17|3|28
S000000046|1|52|2|90|3|7
S000000047|1|13|2|39|3|36
S000000048|1|20|2|38|3|50
S000000049|1|86|2|74|3|51
S000000050|1|73|2|80|3|66
S000000051|1|7|2|61|3|72
S000000052|1|12|2|33|3|19
S000000053|1|68|2|68|3|8
S000000054|1|68|2|40|3|29
S000000055|1|90|2|53|3|40
S000000056|1|32|2|98|3|44
S000000057|1|6|2|65|3|61
S000000058|1|39|2|5|3|28
S000000059|1|74|2|94|3|90
S000000060|1|62|2|33|3|84
S000000061|1|78|2|89|3|98
S000000062|1|86|2|76|3|97
S000000063|1|29|2|82|3|24
S000000064|1|8|2|21|3|61
S000000065|1|37|2|73|3|14
S000000066|1|7|2|86|3|33
S000000067|1|95|2|16|3|91
S000000068|1|10|2|99|3|80
S000000069|1|50|2|47|3|82
S000000070|1|74|2|61|3|99
S000000071|1|12|2|76|3|67
S000000072|1|29|2|34|3|62
S000000073|1|77|2|17|3|56
S000000074|1|61|2|13|3|25
S000000075|1|58|2|26|3|95
S000000076|1|34|2|42|3|91
S000000077|1|96|2|59|3|85
S000000078|1|21|2|37|3|58
S000000079|1|69|2|0|3|81
S000000080|1|43|2|22|3|70
S000000081|1|85|2|38|3|51
S000000082|1|90|2|51|3|68
S000000083|1|60|2|80|3|53
S000000084|1|52|2|22|3|56
S000000085|1|56|2|73|3|7
S000000086|1|0|2|80|3|16
S000000087|1|19|2|21|3|5
S000000088|1|4|2|21|3|22
S000000089|1|79|2|62|3|45
S000000090|1|59|2|2|3|98
S000000091|1|74|2|99|3|0
S000000092|1|65|2|48|3|58
S000000093|1|27|2|37|3|4
S000000094|1|40|2|66|3|86
S000000095|1|39|2|22|3|72
S000000096|1|94|2|40|3|86
S000000097|1|63|2|87|3|28
S000000098|1|9|2|42|3|71
S000000099|1|79|2|88|3|33
S000000100|1|0|2|41|3|82
